6.1770164235388009e+00  -8.2403550782428852e+00  -2.1511735494021202e+00   1.0662928429740914e+00  -2.8853127679253522e+00   3.1242073274795931e+00   7.1837517429067532e+00  -6.7539761135140324e+00  -7.9194126903635507e+00   2.7532766213422995e+01  
5.0319666215367462e+00   3.5219997183987872e-01   7.9042226336450421e+00   6.8581211248683374e+01   2.4980951685915215e+01  -5.5595818150600337e+01   1.8159601763896458e+01   3.4170121104535703e+01  -4.5829715377571851e+00   3.9201749000326615e+01  
-5.3979101325375538e+01  -4.6325190439040398e+01  -6.2476171671634617e+01  -5.3506839650453458e+01  -3.6148560309851803e+01  -1.2566356582830826e+01   4.0426845807780907e+01  -8.9134176116964881e-01   7.3716171321326954e+01  -9.2513231007621268e+00   
2.8263008168089673e+01   4.6743262722503047e+01  -7.0211606840701592e+01  -7.8631374239284256e+01   5.1735869565855651e+01   5.9574226153816198e+01  -3.3544725269798526e+01   3.0069504975373626e+01  -4.4442039353978842e+01  -2.8511528013512272e+01   
-2.0950180301885197e+00   6.2016577108770875e+01  -1.1738448014361062e+01  -2.9464913881134667e+01  -6.5169052139468988e+00   4.5525529495219480e+01   6.1997491373679367e+01  -4.4049285298236313e+01  -5.5690869401996430e+01   1.0126454909390983e+00  
-7.2400665145553958e+01   3.1424926712841227e+01   4.0590319056338778e+01   5.8912868519738723e+01  -7.5456374799579550e+01  -4.6915657139809639e+01  -6.5692248121691989e+01  -5.2765398303403238e+01  -2.5355422322338178e+01   6.6102761209990248e+01  
7.5150304166204435e+01  -6.1657067007225507e+01   5.7492379885861823e+01   2.7838118655531723e+01   4.6854985176983746e+01   6.4018967188903588e+01  -2.6197609503845502e+01   5.7225403931562511e+01   3.5701379874582116e+01  -5.8513445404597299e+01   
-4.2755975586714214e+01  -7.3530175347593698e+01  -3.7017285163056705e+01   3.5260243521658815e+01   6.8759793335925693e+01   1.3244912362305872e+01  -5.7614181277162480e+01  -1.6338007457711740e+01   4.9091552101583943e+01  -7.0807313229333289e+01 
-2.3681685905755351e+01   7.2611467112140474e+01   6.6428741679726514e+01  -8.0760023035463036e-01   6.3740691944836030e+00  -3.1449548780661797e+01  -1.5222931131358692e+01   1.1219020021715677e+01   1.3997364914974833e+01   6.3795448489391916e+01  
4.0378281083134134e+01  -2.7475708951929448e+01   3.0269803672223262e+01  -4.1454005171290603e+01  -5.1291256533605633e+01  -7.4782626037850335e+01   4.1964752544632535e+00   7.5363877771126056e+01   2.1712125982023835e+01  -4.3476915066818201e+01   
