6.1770164235388009e+00  -8.2403550782428852e+00  -2.1511735494021202e+00   1.0662928429740914e+00  -2.8853127679253522e+00   3.1242073274795931e+00   7.1837517429067532e+00  -6.7539761135140324e+00  -7.9194126903635507e+00   2.7532766213422995e+01  -4.6393239169564673e+00  -1.9189660498495055e+01   4.2161826637648900e+01  -2.4089553091716745e+01  -6.4419553958074914e+01   5.9118560349158273e+01   5.8197810408751394e+01  -4.5515033236478935e+01  -3.6031000228613152e+01  -5.2275229828560370e+01   
5.0319666215367462e+00   3.5219997183987872e-01   7.9042226336450421e+00   6.8581211248683374e+01   2.4980951685915215e+01  -5.5595818150600337e+01   1.8159601763896458e+01   3.4170121104535703e+01  -4.5829715377571851e+00   3.9201749000326615e+01  -1.0339334835456373e+01  -7.3383428257602930e+01  -1.2429882167107371e+01  -5.4144314187646060e+01  -2.8697697071683450e+01  -2.8375815389852885e+00   6.6599539884645282e+01  -7.8644447370732408e+01  -2.1020842301203331e+01   7.2781480636811580e+01   
-5.3979101325375538e+01  -4.6325190439040398e+01  -6.2476171671634617e+01  -5.3506839650453458e+01  -3.6148560309851803e+01  -1.2566356582830826e+01   4.0426845807780907e+01  -8.9134176116964881e-01   7.3716171321326954e+01  -9.2513231007621268e+00   3.8475270944868804e+01   2.3271781649101424e+01   1.9805685834868665e+01   5.2057763570946534e+01   7.6453048838513467e+01   4.4622069290197487e+01  -1.9975121611717679e+01   3.0070857240851439e+01   3.3611654163157404e+01   6.2385005145512991e+01  
2.8263008168089673e+01   4.6743262722503047e+01  -7.0211606840701592e+01  -7.8631374239284256e+01   5.1735869565855651e+01   5.9574226153816198e+01  -3.3544725269798526e+01   3.0069504975373626e+01  -4.4442039353978842e+01  -2.8511528013512272e+01   7.6494281320131520e+01  -5.9278725532478987e+01  -2.3347202349150180e+01   7.0832336898349382e+01   3.8040212537180729e+01   2.4217327427220219e+01   1.8562429935933292e+01  -2.7163605501485804e+01   6.3071520186528339e+01  -4.5787728614074986e+01  
-2.0950180301885197e+00   6.2016577108770875e+01  -1.1738448014361062e+01  -2.9464913881134667e+01  -6.5169052139468988e+00   4.5525529495219480e+01   6.1997491373679367e+01  -4.4049285298236313e+01  -5.5690869401996430e+01   1.0126454909390983e+00  -6.5640655399132825e+01   4.6214504561486891e-01   5.3820298965005342e+01   2.1188448818953916e+01  -5.9443373365068517e+01  -7.9017011552591342e+01  -7.0693137440221918e+01   7.3040161837376729e+01   7.5039774981811533e+01  -7.5378370633059347e+01   
-7.2400665145553958e+01   3.1424926712841227e+01   4.0590319056338778e+01   5.8912868519738723e+01  -7.5456374799579550e+01  -4.6915657139809639e+01  -6.5692248121691989e+01  -5.2765398303403238e+01  -2.5355422322338178e+01   6.6102761209990248e+01   2.7994204847139401e+00  -4.1540024374397483e+01  -3.3244680621309527e+01   3.4259300158479860e+01   2.3700960326800569e+01  -2.8054193941901527e+01   4.9247672059222900e+00   1.2230027420553391e+01  -5.2813472422218638e+01   4.0220288273049654e+01  
7.5150304166204435e+01  -6.1657067007225507e+01   5.7492379885861823e+01   2.7838118655531723e+01   4.6854985176983746e+01   6.4018967188903588e+01  -2.6197609503845502e+01   5.7225403931562511e+01   3.5701379874582116e+01  -5.8513445404597299e+01   6.1878770410026782e+01   6.0003555333243476e+01   7.7764704844804811e+01  -9.1188124833250477e+00  -2.1946837837783075e+00  -5.4913164402783458e+01  -9.8689281390369530e+00   5.4752962465748638e+01  -1.2965563243704636e+00   5.8670400259397182e+00   
-4.2755975586714214e+01  -7.3530175347593698e+01  -3.7017285163056705e+01   3.5260243521658815e+01   6.8759793335925693e+01   1.3244912362305872e+01  -5.7614181277162480e+01  -1.6338007457711740e+01   4.9091552101583943e+01  -7.0807313229333289e+01  -5.4495293225392373e+01   4.0834176447630938e+01  -5.8963125166931711e+01  -3.5488551767304799e+01   9.9496460379798179e+00   4.7670742742563945e+00  -5.9560957809705734e+01  -4.9226959899639226e+01   1.7430928283106038e+01  -1.8354816758239089e+01  
-2.3681685905755351e+01   7.2611467112140474e+01   6.6428741679726514e+01  -8.0760023035463036e-01   6.3740691944836030e+00  -3.1449548780661797e+01  -1.5222931131358692e+01   1.1219020021715677e+01   1.3997364914974833e+01   6.3795448489391916e+01  -1.9170722873495297e+01  -8.6239982063993814e+00   2.9704174264196386e+00  -6.6723040656523338e+01  -4.0776146706555110e+01  -4.5554117581599449e+01   4.2759933230821012e+01  -1.0717663471921190e+01  -6.6891462692474704e+01   3.1341715968838763e+01   
4.0378281083134134e+01  -2.7475708951929448e+01   3.0269803672223262e+01  -4.1454005171290603e+01  -5.1291256533605633e+01  -7.4782626037850335e+01   4.1964752544632535e+00   7.5363877771126056e+01   2.1712125982023835e+01  -4.3476915066818201e+01   2.5860086587192534e+01   7.9754485823099728e+01  -7.3610933725540960e+01   4.1185927559242552e+00   6.1852112396551348e+01   6.9643788303082715e+01  -3.3017907724258450e+01   4.0897646990091374e+01   7.7785630560380237e-01  -9.4052557243990051e+00  
